Text version of loaded midi tracks
Midi events are: Cumulative-midi-time time status data1 data2 data2
Cumulative midi time starts with the first note-on event, if there is one.
The status byte is printed in hex.  All others are decimal integers.

Number of tracks: 1

Track 0: 2347 events (skipping sysex)
         0    962 90  70  76   0
       278    278 B0  64 127   0
       546    268 80  70  64   0
       892    346 B0  64   0   0
       922     30 90  70  68   0
      1008     86 90  70  71   0
      1142    134 90  70  66   0
      1652    510 B0  64 127   0
      1766    114 80  70  64   0
      1998    232 90  70  57   0
      2102    104 90  70  67   0
      2142     40 B0  64   0   0
      2246    104 90  70  82   0
      2342     96 B0  64 127   0
      2352     10 80  70  64   0
      2554    202 90  70  65   0
      2670    116 90  70  69   0
      2726     56 B0  64   0   0
      2804     78 90  70  82   0
      2900     96 B0  64 127   0
      2910     10 80  70  64   0
      3092    182 90  70  60   0
      3216    124 90  70  68   0
      3236     20 B0  64   0   0
      3322     86 90  70  78   0
      3446    124 B0  64 127   0
      3446      0 80  70  64   0
      3638    192 90  70  53   0
      3774    136 90  70  62   0
      3908    134 80  70  64   0
      3918     10 90  70  75   0
      3926      8 90  46  57   0
      3926      0 B0  64   0   0
      3994     68 80  70  64   0
      4022     28 80  46  64   0
      4196    174 90  74  51   0
      4206     10 90  68  40   0
      4234     28 90  65  34   0
      4234      0 90  58  31   0
      4282     48 80  65  64   0
      4282      0 80  58  64   0
      4310     28 90  75  55   0
      4320     10 80  68  64   0
      4378     58 B0  64 127   0
      4398     20 80  74  64   0
      4454     56 90  77  65   0
      4454      0 90  74  56   0
      4474     20 90  65  41   0
      4474      0 90  58  37   0
      4484     10 90  68  33   0
      4484      0 80  75  64   0
      4522     38 80  65  64   0
      4522      0 80  58  64   0
      4532     10 80  68  64   0
      4550     18 80  77  64   0
      4550      0 80  74  64   0
      4724    174 90  70  64   0
      4734     10 90  51  51   0
      4734      0 B0  64   0   0
      4762     28 80  70  64   0
      4830     68 80  51  64   0
      5002    172 90  75  49   0
      5002      0 90  63  43   0
      5002      0 90  58  39   0
      5022     20 90  67  36   0
      5060     38 80  67  64   0
      5088     28 B0  64 127   0
      5098     10 80  63  64   0
      5098      0 80  58  64   0
      5118     20 90  77  57   0
      5252    134 90  79  68   0
      5252      0 90  75  59   0
      5270     18 90  63  49   0
      5270      0 90  58  45   0
      5270      0 90  67  39   0
      5290     20 80  77  64   0
      5318     28 80  67  64   0
      5318      0 80  63  64   0
      5318      0 80  58  64   0
      5338     20 80  79  64   0
      5338      0 80  75  64   0
      5376     38 B0  64   0   0
      5510    134 90  70  71   0
      5520     10 90  50  50   0
      5588     68 80  70  64   0
      5616     28 80  50  64   0
      5780    164 90  77  54   0
      5790     10 90  65  39   0
      5790      0 90  58  35   0
      5808     18 90  68  32   0
      5856     48 80  68  64   0
      5886     30 90  79  62   0
      5894      8 80  65  64   0
      5894      0 80  58  64   0
      5982     88 80  77  64   0
      6010     28 90  80  65   0
      6010      0 90  77  56   0
      6030     20 B0  64 127   0
      6030      0 80  79  64   0
      6048     18 90  65  45   0
      6048      0 90  58  41   0
      6058     10 90  68  45   0
      6106     48 80  68  64   0
      6106      0 80  80  64   0
      6106      0 80  77  64   0
      6126     20 80  65  64   0
      6126      0 80  58  64   0
      6240    114 B0  64   0   0
      6288     48 90  51  47   0
      6298     10 90  82  69   0
      6298      0 90  73  57   0
      6298      0 90  79  60   0
      6538    240 B0  64 127   0
      6558     20 90  61  50   0
      6558      0 90  58  46   0
      6586     28 80  82  64   0
      6586      0 80  73  64   0
      6586      0 80  79  64   0
      6586      0 80  51  64   0
      6586      0 90  67  37   0
      6614     28 80  61  64   0
      6614      0 80  58  64   0
      6634     20 80  67  64   0
      6806    172 90  52  55   0
      6816     10 90  82  63   0
      6816      0 90  73  52   0
      6816      0 90  79  54   0
      6912     96 B0  64   0   0
      6922     10 90  82  66   0
      6922      0 90  73  55   0
      6922      0 90  79  57   0
      6970     48 80  52  64   0
      7056     86 90  53  51   0
      7066     10 90  82  79   0
      7066      0 90  73  66   0
      7066      0 90  79  68   0
      7142     76 B0  64 127   0
      7200     58 80  53  64   0
      7200      0 80  82  64   0
      7344    144 90  84  59   0
      7354     10 90  56  46   0
      7374     20 90  65  30   0
      7422     48 80  65  64   0
      7430      8 80  56  64   0
      7450     20 90  82  59   0
      7518     68 80  84  64   0
      7574     56 90  80  58   0
      7574      0 90  72  50   0
      7594     20 B0  64   0   0
      7594      0 80  82  64   0
      7594      0 80  73  64   0
      7594      0 80  79  64   0
      7622     28 90  44  33   0
      7652     30 80  80  64   0
      7652      0 80  72  64   0
      7670     18 80  44  64   0
      7862    192 90  80  56   0
      7862      0 90  71  48   0
      7862      0 90  46  44   0
      7910     48 B0  64 127   0
      7910      0 80  80  64   0
      7910      0 80  46  64   0
      8112    202 90  55  40   0
      8122     10 90  82  41   0
      8180     58 80  55  64   0
      8246     66 90  80  45   0
      8256     10 80  82  64   0
      8372    116 80  80  64   0
      8372      0 80  71  64   0
      8382     10 90  79  35   0
      8382      0 90  70  30   0
      8400     18 90  55  30   0
      8410     10 90  63  29   0
      8430     20 80  79  64   0
      8430      0 80  70  64   0
      8448     18 80  55  64   0
      8458     10 80  63  64   0
      8544     86 B0  64   0   0
      8670    126 90  79  43   0
      8670      0 90  70  37   0
      8698     28 90  46  22   0
      8726     28 80  79  64   0
      8756     30 80  46  64   0
      8822     66 B0  64 127   0
      8948    126 90  53  36   0
      8948      0 90  80  34   0
      9006     58 80  53  64   0
      9062     56 90  79  45   0
      9062      0 80  80  64   0
      9168    106 80  79  64   0
      9168      0 80  70  64   0
      9178     10 90  77  46   0
      9178      0 90  68  40   0
      9216     38 80  77  64   0
      9216      0 80  68  64   0
      9216      0 90  62  32   0
      9226     10 90  58  26   0
      9264     38 80  62  64   0
      9274     10 80  58  64   0
      9380    106 B0  64   0   0
      9466     86 90  77  49   0
      9466      0 90  68  42   0
      9466      0 90  51  32   0
      9534     68 80  77  64   0
      9590     56 80  51  64   0
      9610     20 B0  64 127   0
      9734    124 90  79  39   0
      9744     10 90  58  39   0
      9792     48 80  58  64   0
      9840     48 90  77  41   0
      9850     10 80  79  64   0
      9966    116 90  75  47   0
      9966      0 90  67  40   0
      9966      0 80  77  64   0
      9966      0 80  68  64   0
      9994     28 90  63  37   0
     10004     10 80  75  64   0
     10004      0 80  67  64   0
     10014     10 90  58  24   0
     10042     28 80  63  64   0
     10052     10 80  58  64   0
     10166    114 B0  64   0   0
     10234     68 90  70  75   0
     10244     10 90  46  52   0
     10310     66 80  70  64   0
     10330     20 80  46  64   0
     10502    172 90  74  53   0
     10522     20 90  65  40   0
     10522      0 90  58  36   0
     10532     10 B0  64 127   0
     10532      0 90  68  27   0
     10570     38 80  65  64   0
     10570      0 80  58  64   0
     10580     10 80  68  64   0
     10628     48 90  75  61   0
     10734    106 80  74  64   0
     10752     18 90  77  67   0
     10752      0 90  74  58   0
     10772     20 90  68  40   0
     10782     10 80  75  64   0
     10782      0 90  65  44   0
     10782      0 90  58  40   0
     10820     38 80  65  64   0
     10820      0 80  58  64   0
     10820      0 80  68  64   0
     10830     10 80  77  64   0
     10830      0 80  74  64   0
     10992    162 B0  64   0   0
     11022     30 90  70  74   0
     11040     18 90  51  48   0
     11078     38 80  70  64   0
     11078      0 80  51  64   0
     11300    222 90  75  60   0
     11310     10 90  63  32   0
     11310      0 90  58  29   0
     11338     28 B0  64 127   0
     11386     48 80  63  64   0
     11386      0 80  58  64   0
     11414     28 90  77  55   0
     11530    116 80  75  64   0
     11540     10 90  79  64   0
     11540      0 90  75  55   0
     11558     18 90  63  43   0
     11558      0 90  58  39   0
     11568     10 80  77  64   0
     11568      0 90  67  40   0
     11606     38 80  63  64   0
     11606      0 80  58  64   0
     11616     10 80  67  64   0
     11636     20 80  79  64   0
     11636      0 80  75  64   0
     11674     38 B0  64   0   0
     11818    144 90  70  71   0
     11818      0 90  50  48   0
     11894     76 80  70  64   0
     11934     40 80  50  64   0
     11972     38 B0  64 127   0
     12078    106 90  77  44   0
     12096     18 90  65  39   0
     12096      0 90  58  35   0
     12126     30 90  68  22   0
     12144     18 80  65  64   0
     12144      0 80  58  64   0
     12164     20 80  68  64   0
     12202     38 90  79  49   0
     12260     58 80  77  64   0
     12318     58 90  80  50   0
     12318      0 90  77  43   0
     12336     18 80  79  64   0
     12346     10 90  68  40   0
     12346      0 90  65  36   0
     12346      0 90  58  33   0
     12366     20 80  80  64   0
     12366      0 80  77  64   0
     12394     28 80  68  64   0
     12394      0 80  65  64   0
     12394      0 80  58  64   0
     12518    124 B0  64   0   0
     12596     78 90  51  39   0
     12596      0 90  82  55   0
     12596      0 90  73  46   0
     12596      0 90  79  47   0
     12758    162 B0  64 127   0
     12816     58 80  82  64   0
     12816      0 80  73  64   0
     12816      0 80  79  64   0
     12854     38 80  51  64   0
     12874     20 90  61  33   0
     12874      0 90  58  30   0
     12884     10 90  67  31   0
     12950     66 80  67  64   0
     12960     10 80  61  64   0
     12960      0 80  58  64   0
     13008     48 90  82  58   0
     13008      0 90  79  50   0
     13094     86 80  82  64   0
     13094      0 80  79  64   0
     13134     40 90  73  62   0
     13162     28 90  52  48   0
     13190     28 B0  64   0   0
     13238     48 80  73  64   0
     13258     20 90  82  60   0
     13258      0 90  79  52   0
     13344     86 80  52  64   0
     13354     10 80  82  64   0
     13354      0 80  79  64   0
     13392     38 90  73  58   0
     13392      0 90  73  50   0
     13402     10 90  53  48   0
     13430     28 B0  64 127   0
     13498     68 90  82  54   0
     13566     68 80  53  64   0
     13632     66 80  82  64   0
     13652     20 90  84  52   0
     13662     10 90  56  33   0
     13680     18 90  65  20   0
     13728     48 80  56  64   0
     13728      0 80  65  64   0
     13776     48 90  82  51   0
     13806     30 80  84  64   0
     13920    114 90  80  38   0
     13920      0 90  72  33   0
     13930     10 80  82  64   0
     13930      0 80  73  64   0
     13930      0 90  44  31   0
     13958     28 B0  64   0   0
     13988     30 80  44  64   0
     13998     10 80  80  64   0
     13998      0 80  72  64   0
     14190    192 90  71  49   0
     14190      0 90  71  42   0
     14198      8 90  46  38   0
     14276     78 B0  64 127   0
     14314     38 90  80  47   0
     14324     10 80  46  64   0
     14430    106 80  80  64   0
     14458     28 90  82  40   0
     14458      0 90  55  31   0
     14516     58 80  55  64   0
     14592     76 90  80  42   0
     14602     10 80  82  64   0
     14698     96 80  80  64   0
     14698      0 80  71  64   0
     14708     10 90  79  37   0
     14708      0 90  70  32   0
     14708      0 90  55  30   0
     14708      0 90  63  38   0
     14756     48 80  79  64   0
     14756      0 80  70  64   0
     14756      0 80  63  64   0
     14774     18 80  55  64   0
     14832     58 B0  64   0   0
     14986    154 90  70  43   0
     14986      0 90  70  37   0
     14996     10 90  46  38   0
     15044     48 80  46  64   0
     15082     38 B0  64 127   0
     15102     20 90  79  40   0
     15206    104 80  79  64   0
     15236     30 90  80  44   0
     15246     10 90  53  34   0
     15264     18 90  62  22   0
     15294     30 80  53  64   0
     15302      8 80  62  64   0
     15360     58 90  79  52   0
     15360      0 80  80  64   0
     15476    116 90  58  46   0
     15476      0 90  58  46   0
     15494     18 90  77  52   0
     15494      0 90  68  45   0
     15494      0 90  62  33   0
     15504     10 80  79  64   0
     15504      0 80  70  64   0
     15542     38 80  62  64   0
     15706    164 80  77  64   0
     15706      0 80  68  64   0
     15734     28 B0  64   0   0
     15734      0 90  51  61   0
     15744     10 90  75  71   0
     15744      0 90  67  61   0
     15792     48 80  75  64   0
     15792      0 80  67  64   0
     15860     68 80  51  64   0
     15860      0 80  58  64   0
     16014    154 90  70  60   0
     16110     96 80  70  64   0
     16128     18 90  70  58   0
     16254    126 80  70  64   0
     16262      8 90  70  56   0
     16368    106 90  70  60   0
     16474    106 80  70  64   0
     16494     20 90  46  65   0
     16494      0 90  70  83   0
     16560     66 80  70  64   0
     16618     58 80  46  64   0
     16790    172 90  68  49   0
     16790      0 90  74  57   0
     16800     10 90  65  34   0
     16800      0 90  58  31   0
     16848     48 80  65  64   0
     16848      0 80  58  64   0
     16878     30 80  68  64   0
     16906     28 90  75  61   0
     16964     58 80  74  64   0
     17002     38 B0  64 127   0
     17022     20 90  77  68   0
     17022      0 90  74  59   0
     17050     28 80  75  64   0
     17050      0 90  68  51   0
     17060     10 90  65  42   0
     17060      0 90  58  38   0
     17118     58 80  68  64   0
     17118      0 80  77  64   0
     17118      0 80  74  64   0
     17146     28 80  65  64   0
     17146      0 80  58  64   0
     17300    154 90  70  66   0
     17310     10 90  51  55   0
     17348     38 B0  64   0   0
     17366     18 80  70  64   0
     17414     48 80  51  64   0
     17550    136 90  75  47   0
     17588     38 90  67  33   0
     17588      0 90  63  46   0
     17588      0 90  58  42   0
     17636     48 80  67  64   0
     17654     18 B0  64 127   0
     17654      0 80  63  64   0
     17654      0 80  58  64   0
     17674     20 90  77  50   0
     17790    116 80  75  64   0
     17798      8 90  79  65   0
     17798      0 90  75  56   0
     17818     20 90  63  45   0
     17818      0 90  58  41   0
     17818      0 90  67  44   0
     17828     10 80  77  64   0
     17856     28 80  67  64   0
     17866     10 80  63  64   0
     17866      0 80  58  64   0
     17886     20 80  79  64   0
     17886      0 80  75  64   0
     17952     66 B0  64   0   0
     18068    116 90  70  64   0
     18078     10 90  50  49   0
     18116     38 80  70  64   0
     18164     48 80  50  64   0
     18240     76 B0  64 127   0
     18326     86 90  77  48   0
     18346     20 90  65  47   0
     18346      0 90  58  43   0
     18366     20 90  68  28   0
     18414     48 80  68  64   0
     18422      8 80  65  64   0
     18422      0 80  58  64   0
     18452     30 90  79  54   0
     18510     58 80  77  64   0
     18548     38 90  80  60   0
     18548      0 90  77  52   0
     18576     28 80  79  64   0
     18586     10 90  68  35   0
     18596     10 90  65  42   0
     18596      0 90  58  38   0
     18596      0 80  80  64   0
     18596      0 80  77  64   0
     18634     38 80  65  64   0
     18634      0 80  58  64   0
     18634      0 80  68  64   0
     18644     10 B0  64   0   0
     18826    182 90  82  65   0
     18826      0 90  73  54   0
     18826      0 90  79  56   0
     18836     10 90  51  46   0
     18894     58 B0  64 127   0
     19086    192 80  51  64   0
     19094      8 90  67  58   0
     19094      0 90  61  53   0
     19094      0 90  58  48   0
     19104     10 80  82  64   0
     19104      0 80  73  64   0
     19104      0 80  79  64   0
     19182     78 80  67  64   0
     19190      8 80  61  64   0
     19190      0 80  58  64   0
     19334    144 90  82  65   0
     19334      0 90  73  54   0
     19334      0 90  79  56   0
     19344     10 90  52  58   0
     19450    106 90  82  64   0
     19450      0 90  73  53   0
     19450      0 90  79  55   0
     19546     96 80  52  64   0
     19574     28 90  53  56   0
     19594     20 90  82  79   0
     19594      0 90  73  66   0
     19594      0 90  79  68   0
     19758    164 80  53  64   0
     19786     28 80  82  64   0
     19872     86 90  84  59   0
     19882     10 90  56  43   0
     19902     20 90  65  42   0
     19902      0 B0  64   0   0
     19988     86 90  82  58   0
     20006     18 80  65  64   0
     20016     10 80  56  64   0
     20064     48 80  84  64   0
     20102     38 90  80  56   0
     20102      0 90  72  48   0
     20150     48 80  82  64   0
     20150      0 80  73  64   0
     20150      0 80  79  64   0
     20160     10 90  44  32   0
     20190     30 B0  64 127   0
     20198      8 80  80  64   0
     20198      0 80  72  64   0
     20256     58 80  44  64   0
     20324     68 B0  64   0   0
     20390     66 90  80  62   0
     20390      0 90  71  53   0
     20400     10 90  46  46   0
     20496     96 80  80  64   0
     20516     20 80  46  64   0
     20564     48 B0  64 127   0
     20660     96 90  82  45   0
     20670     10 90  55  40   0
     20708     38 80  55  64   0
     20784     76 90  80  38   0
     20794     10 80  82  64   0
     20890     96 90  79  42   0
     20890      0 90  70  36   0
     20890      0 90  55  53   0
     20900     10 80  80  64   0
     20900      0 80  71  64   0
     20910     10 90  63  27   0
     20948     38 80  55  64   0
     20958     10 80  79  64   0
     20958      0 80  70  64   0
     20958      0 80  63  64   0
     21092    134 B0  64   0   0
     21178     86 90  79  50   0
     21178      0 90  70  43   0
     21188     10 90  46  35   0
     21284     96 80  79  64   0
     21294     10 80  46  64   0
     21312     18 B0  64 127   0
     21456    144 90  80  36   0
     21466     10 90  53  30   0
     21486     20 90  62  20   0
     21524     38 80  53  64   0
     21552     28 80  62  64   0
     21572     20 90  79  50   0
     21582     10 80  80  64   0
     21678     96 80  79  64   0
     21678      0 80  70  64   0
     21706     28 90  77  34   0
     21706      0 90  68  29   0
     21734     28 90  58  24   0
     21744     10 90  62  24   0
     21754     10 80  77  64   0
     21754      0 80  68  64   0
     21782     28 80  62  64   0
     21792     10 80  58  64   0
     21908    116 B0  64   0   0
     21974     66 90  77  46   0
     21974      0 90  68  40   0
     21984     10 90  51  30   0
     22070     86 80  77  64   0
     22110     40 80  51  64   0
     22128     18 B0  64 127   0
     22254    126 90  79  39   0
     22282     28 90  63  28   0
     22282      0 90  58  20   0
     22330     48 80  58  64   0
     22340     10 80  63  64   0
     22350     10 90  77  47   0
     22368     18 80  79  64   0
     22484    116 80  77  64   0
     22484      0 80  68  64   0
     22502     18 90  75  34   0
     22502      0 90  67  29   0
     22502      0 00   0   0   0
     22512     10 90  58  36   0
     22522     10 90  63  30   0
     22560     38 80  75  64   0
     22560      0 80  67  64   0
     22570     10 80  63  64   0
     22570      0 80  58  64   0
     22694    124 B0  64   0   0
     22762     68 90  46  47   0
     22772     10 90  70  58   0
     22810     38 80  70  64   0
     22838     28 80  46  64   0
     23030    192 90  74  45   0
     23050     20 90  65  45   0
     23050      0 90  58  41   0
     23078     28 B0  64 127   0
     23098     20 80  65  64   0
     23098      0 80  58  64   0
     23156     58 90  75  60   0
     23232     76 80  74  64   0
     23290     58 90  77  70   0
     23290      0 90  74  60   0
     23310     20 90  68  45   0
     23310      0 90  65  49   0
     23310      0 90  58  45   0
     23328     18 80  75  64   0
     23348     20 80  65  64   0
     23348      0 80  58  64   0
     23358     10 80  68  64   0
     23396     38 80  77  64   0
     23396      0 80  74  64   0
     23530    134 B0  64   0   0
     23568     38 90  70  69   0
     23578     10 90  51  61   0
     23598     20 80  70  64   0
     23664     66 80  51  64   0
     23828    164 90  75  56   0
     23838     10 90  67  34   0
     23838      0 90  63  39   0
     23838      0 90  58  35   0
     23886     48 B0  64 127   0
     23904     18 80  67  64   0
     23904      0 80  63  64   0
     23904      0 80  58  64   0
     23942     38 90  77  57   0
     24058    116 80  75  64   0
     24078     20 90  79  63   0
     24078      0 90  75  54   0
     24106     28 90  67  46   0
     24106      0 80  77  64   0
     24106      0 90  63  45   0
     24106      0 90  58  41   0
     24154     48 80  67  64   0
     24182     28 80  79  64   0
     24182      0 80  75  64   0
     24182      0 80  63  64   0
     24182      0 80  58  64   0
     24260     78 B0  64   0   0
     24356     96 90  70  68   0
     24374     18 90  50  44   0
     24422     48 80  70  64   0
     24462     40 80  50  64   0
     24586    124 B0  64 127   0
     24624     38 90  65  49   0
     24624      0 90  58  45   0
     24624      0 90  77  44   0
     24634     10 90  68  33   0
     24682     48 80  68  64   0
     24682      0 80  65  64   0
     24682      0 80  58  64   0
     24740     58 90  79  44   0
     24806     66 80  77  64   0
     24846     40 90  80  49   0
     24846      0 90  77  42   0
     24864     18 90  68  42   0
     24874     10 80  79  64   0
     24874      0 90  65  38   0
     24874      0 90  58  34   0
     24902     28 80  80  64   0
     24902      0 80  77  64   0
     24922     20 80  65  64   0
     24922      0 80  58  64   0
     24922      0 80  68  64   0
     25046    124 B0  64   0   0
     25114     68 90  82  50   0
     25114      0 90  73  42   0
     25114      0 90  79  43   0
     25124     10 90  51  40   0
     25286    162 B0  64 127   0
     25334     48 80  82  64   0
     25334      0 80  73  64   0
     25334      0 80  79  64   0
     25382     48 80  51  64   0
     25392     10 90  67  39   0
     25402     10 90  61  33   0
     25402      0 90  58  30   0
     25460     58 80  61  64   0
     25460      0 80  58  64   0
     25478     18 80  67  64   0
     25526     48 90  82  57   0
     25526      0 90  79  49   0
     25614     88 80  82  64   0
     25614      0 80  79  64   0
     25642     28 90  73  65   0
     25662     20 90  52  55   0
     25690     28 B0  64   0   0
     25748     58 80  73  64   0
     25776     28 90  82  69   0
     25776      0 90  79  60   0
     25854     78 80  52  64   0
     25862      8 80  82  64   0
     25862      0 80  79  64   0
     25892     30 90  73  63   0
     25892      0 90  73  54   0
     25910     18 90  53  55   0
     25920     10 B0  64 127   0
     26016     96 90  82  58   0
     26084     68 80  53  64   0
     26142     58 80  82  64   0
     26150      8 90  84  58   0
     26170     20 90  56  30   0
     26180     10 90  65  34   0
     26238     58 80  65  64   0
     26256     18 80  56  64   0
     26286     30 90  82  54   0
     26314     28 80  84  64   0
     26400     86 80  82  64   0
     26400      0 80  73  64   0
     26400      0 90  80  45   0
     26400      0 90  72  39   0
     26448     48 90  44  24   0
     26458     10 80  80  64   0
     26458      0 80  72  64   0
     26496     38 80  44  64   0
     26526     30 B0  64   0   0
     26688    162 90  71  37   0
     26688      0 90  71  32   0
     26698     10 90  46  47   0
     26794     96 90  80  46   0
     26794      0 B0  64 127   0
     26822     28 80  46  64   0
     26900     78 80  80  64   0
     26938     38 90  82  41   0
     26976     38 90  63  34   0
     26976      0 90  55  50   0
     27024     48 80  55  64   0
     27024      0 80  63  64   0
     27062     38 90  80  43   0
     27072     10 80  82  64   0
     27188    116 80  80  64   0
     27188      0 80  71  64   0
     27206     18 90  79  45   0
     27206      0 90  70  39   0
     27226     20 90  63  30   0
     27236     10 90  55  41   0
     27246     10 80  79  64   0
     27246      0 80  70  64   0
     27274     28 80  55  64   0
     27284     10 80  63  64   0
     27350     66 B0  64   0   0
     27476    126 90  70  36   0
     27476      0 90  70  31   0
     27486     10 90  46  43   0
     27582     96 90  79  47   0
     27590      8 B0  64 127   0
     27610     20 80  46  64   0
     27696     86 80  79  64   0
     27726     30 90  80  47   0
     27744     18 90  53  41   0
     27792     48 80  53  64   0
     27850     58 90  79  49   0
     27870     20 80  80  64   0
     27994    124 90  77  55   0
     27994      0 90  68  47   0
     28004     10 80  79  64   0
     28004      0 80  70  64   0
     28014     10 90  62  45   0
     28022      8 90  58  42   0
     28022      0 90  58  42   0
     28062     40 80  58  64   0
     28070      8 80  62  64   0
     28110     40 80  77  64   0
     28110      0 80  68  64   0
     28254    144 90  75  68   0
     28254      0 90  67  59   0
     28254      0 B0  64   0   0
     28262      8 90  51  58   0
     28340     78 80  75  64   0
     28340      0 80  67  64   0
     28378     38 80  51  64   0
     28522    144 90  75  44   0
     28598     76 80  75  64   0
     28638     40 90  75  51   0
     28724     86 80  75  64   0
     28762     38 90  75  42   0
     28772     10 90  55  32   0
     28772      0 90  51  29   0
     28772      0 90  61  38   0
     28820     48 80  61  64   0
     28820      0 80  55  64   0
     28820      0 80  51  64   0
     28868     48 80  75  64   0
     28906     38 90  75  46   0
     29002     96 80  75  64   0
     29012     10 90  44  49   0
     29030     18 90  75  40   0
     29126     96 80  75  64   0
     29126      0 80  44  64   0
     29156     30 90  75  43   0
     29242     86 80  75  64   0
     29280     38 90  56  51   0
     29280      0 90  51  46   0
     29290     10 90  75  38   0
     29300     10 90  60  20   0
     29318     18 80  56  64   0
     29318      0 80  51  64   0
     29328     10 80  60  64   0
     29338     10 80  75  64   0
     29396     58 90  75  47   0
     29444     48 80  75  64   0
     29520     76 90  75  50   0
     29530     10 90  56  42   0
     29530      0 90  51  38   0
     29540     10 90  60  27   0
     29578     38 80  56  64   0
     29578      0 80  51  64   0
     29588     10 80  60  64   0
     29636     48 90  75  57   0
     29712     76 80  75  64   0
     29750     38 90  77  57   0
     29760     10 90  44  49   0
     29856     96 90  75  58   0
     29876     20 80  77  64   0
     29886     10 80  44  64   0
     29972     86 80  75  64   0
     29982     10 90  72  51   0
     30000     18 90  56  35   0
     30000      0 90  51  32   0
     30048     48 80  56  64   0
     30048      0 80  51  64   0
     30068     20 80  72  64   0
     30106     38 90  68  54   0
     30192     86 80  68  64   0
     30222     30 90  63  42   0
     30260     38 90  56  29   0
     30260      0 90  51  26   0
     30298     38 80  56  64   0
     30298      0 80  51  64   0
     30326     28 80  63  64   0
     30356     30 90  64  50   0
     30452     96 80  64  64   0
     30462     10 90  44  44   0
     30480     18 90  65  43   0
     30528     48 80  44  64   0
     30576     48 80  65  64   0
     30606     30 90  65  48   0
     30644     38 80  65  64   0
     30730     86 90  65  38   0
     30788     58 80  65  64   0
     30836     48 90  65  51   0
     30884     48 80  65  64   0
     30932     48 90  59  35   0
     30960     28 90  65  40   0
     30960      0 90  56  20   0
     30960      0 90  50  18   0
     30980     20 80  59  64   0
     30998     18 80  56  64   0
     30998      0 80  50  64   0
     31056     58 80  65  64   0
     31076     20 90  65  51   0
     31142     66 80  65  64   0
     31162     20 90  44  49   0
     31182     20 90  63  55   0
     31286    104 80  44  64   0
     31286      0 80  63  64   0
     31296     10 90  68  44   0
     31412    116 90  72  49   0
     31422     10 90  56  31   0
     31422      0 90  51  28   0
     31430      8 80  68  64   0
     31470     40 80  56  64   0
     31470      0 80  51  64   0
     31508     38 80  72  64   0
     31518     10 90  75  52   0
     31632    114 90  80  53   0
     31642     10 90  60  34   0
     31642      0 80  75  64   0
     31642      0 90  56  33   0
     31642      0 90  51  30   0
     31690     48 80  60  64   0
     31690      0 80  56  64   0
     31690      0 80  51  64   0
     31728     38 80  80  64   0
     31758     30 90  76  49   0
     31824     66 80  76  64   0
     31854     30 90  50  38   0
     31872     18 90  77  53   0
     31978    106 80  50  64   0
     31978      0 80  77  64   0
     31988     10 90  77  58   0
     32084     96 80  77  64   0
     32094     10 90  59  35   0
     32094      0 90  56  32   0
     32122     28 90  77  55   0
     32142     20 80  59  64   0
     32142      0 80  56  64   0
     32218     76 80  77  64   0
     32228     10 90  77  59   0
     32334    106 90  59  38   0
     32334      0 90  56  34   0
     32342      8 90  65  25   0
     32342      0 80  77  64   0
     32362     20 90  77  56   0
     32382     20 80  59  64   0
     32382      0 80  56  64   0
     32390      8 80  65  64   0
     32438     48 90  77  54   0
     32506     68 80  77  64   0
     32592     86 90  51  52   0
     32592      0 90  77  62   0
     32670     78 90  79  64   0
     32698     28 80  77  64   0
     32718     20 80  51  64   0
     32756     38 90  77  61   0
     32794     38 80  79  64   0
     32842     48 90  75  76   0
     32852     10 80  77  64   0
     32870     18 90  63  48   0
     32870      0 90  60  44   0
     32880     10 90  68  39   0
     32918     38 80  68  64   0
     32948     30 80  63  64   0
     32948      0 80  60  64   0
     32966     18 B0  64 127   0
     32976     10 80  75  64   0
     32976      0 90  80  71   0
     33092    116 90  84  81   0
     33110     18 90  63  52   0
     33110      0 90  60  47   0
     33120     10 80  80  64   0
     33120      0 90  68  38   0
     33158     38 80  63  64   0
     33158      0 80  60  64   0
     33158      0 80  84  64   0
     33158      0 80  68  64   0
     33332    174 B0  64   0   0
     33370     38 90  89  80   0
     33390     20 90  51  58   0
     33514    124 80  51  64   0
     33562     48 B0  64 127   0
     33620     58 80  89  64   0
     33648     28 90  87  55   0
     33648      0 90  63  45   0
     33648      0 90  61  41   0
     33668     20 90  67  27   0
     33696     28 80  63  64   0
     33696      0 80  61  64   0
     33706     10 80  67  64   0
     33764     58 90  85  49   0
     33774     10 80  87  64   0
     33870     96 80  85  64   0
     33878      8 90  67  38   0
     33878      0 90  79  58   0
     33888     10 90  63  27   0
     33888      0 90  61  24   0
     33936     48 80  67  64   0
     33936      0 80  63  64   0
     33936      0 80  61  64   0
     33966     30 80  79  64   0
     34070    104 B0  64   0   0
     34148     78 90  82  48   0
     34148      0 90  56  43   0
     34272    124 80  56  64   0
     34292     20 B0  64 127   0
     34310     18 80  82  64   0
     34388     78 90  80  43   0
     34406     18 90  63  43   0
     34406      0 90  60  39   0
     34446     40 80  63  64   0
     34446      0 80  60  64   0
     34512     66 80  80  64   0
     34522     10 90  75  35   0
     34628    106 90  68  42   0
     34638     10 80  75  64   0
     34638      0 90  63  44   0
     34638      0 90  60  40   0
     34638      0 90  72  45   0
     34676     38 80  63  64   0
     34676      0 80  60  64   0
     34676      0 80  68  64   0
     34694     18 80  72  64   0
     34820    126 B0  64   0   0
     34886     66 90  75  57   0
     34886      0 90  44  52   0
     34974     88 80  75  64   0
     34992     18 90  75  51   0
     35012     20 80  44  64   0
     35098     86 80  75  64   0
     35118     20 90  75  53   0
     35126      8 90  56  36   0
     35126      0 90  51  33   0
     35146     20 B0  64 127   0
     35174     28 80  56  64   0
     35174      0 80  51  64   0
     35222     48 80  75  64   0
     35252     30 90  75  43   0
     35348     96 80  75  64   0
     35366     18 90  75  49   0
     35366      0 90  60  37   0
     35376     10 90  56  41   0
     35376      0 90  51  37   0
     35424     48 80  56  64   0
     35424      0 80  51  64   0
     35424      0 80  60  64   0
     35482     58 80  75  64   0
     35510     28 90  75  47   0
     35520     10 B0  64   0   0
     35550     30 80  75  64   0
     35598     48 90  77  54   0
     35606      8 90  44  53   0
     35702     96 90  75  64   0
     35742     40 80  77  64   0
     35750      8 80  44  64   0
     35828     78 90  72  49   0
     35828      0 80  75  64   0
     35866     38 90  56  36   0
     35866      0 90  51  33   0
     35914     48 80  72  64   0
     35914      0 80  56  64   0
     35914      0 80  51  64   0
     35934     20 90  68  53   0
     36030     96 80  68  64   0
     36048     18 90  63  42   0
     36106     58 90  56  30   0
     36106      0 90  51  27   0
     36134     28 80  63  64   0
     36164     30 90  64  50   0
     36164      0 80  56  64   0
     36164      0 80  51  64   0
     36260     96 80  64  64   0
     36298     38 90  65  37   0
     36318     20 90  44  36   0
     36394     76 80  65  64   0
     36414     20 90  65  44   0
     36442     28 80  44  64   0
     36490     48 80  65  64   0
     36558     68 90  65  34   0
     36566      8 90  56  28   0
     36566      0 90  50  25   0
     36606     40 80  56  64   0
     36606      0 80  50  64   0
     36614      8 80  65  64   0
     36654     40 90  65  38   0
     36740     86 80  65  64   0
     36798     58 90  56  30   0
     36798      0 90  50  27   0
     36806      8 90  65  31   0
     36806      0 90  59  24   0
     36846     40 80  59  64   0
     36854      8 80  56  64   0
     36854      0 80  50  64   0
     36854      0 80  65  64   0
     36902     48 90  65  47   0
     36942     40 80  65  64   0
     37028     86 90  63  35   0
     37038     10 90  44  33   0
     37114     76 80  63  64   0
     37124     10 80  44  64   0
     37134     10 90  68  40   0
     37268    134 90  72  32   0
     37268      0 80  68  64   0
     37278     10 90  56  22   0
     37278      0 90  51  20   0
     37316     38 80  56  64   0
     37316      0 80  51  64   0
     37326     10 80  72  64   0
     37364     38 90  75  44   0
     37478    114 90  80  49   0
     37498     20 80  75  64   0
     37556     58 80  80  64   0
     37594     38 90  76  43   0
     37642     48 80  76  64   0
     37718     76 90  77  38   0
     37718      0 90  50  33   0
     37806     88 80  77  64   0
     37806      0 90  77  54   0
     37834     28 80  50  64   0
     37910     76 80  77  64   0
     37958     48 90  77  42   0
     37958      0 90  59  40   0
     37958      0 90  56  36   0
     37998     40 80  59  64   0
     37998      0 80  56  64   0
     38006      8 80  77  64   0
     38054     48 90  77  50   0
     38160    106 80  77  64   0
     38190     30 90  65  32   0
     38198      8 90  59  43   0
     38198      0 90  56  39   0
     38198      0 90  77  50   0
     38246     48 80  59  64   0
     38246      0 80  56  64   0
     38246      0 80  65  64   0
     38304     58 90  77  54   0
     38382     78 80  77  64   0
     38438     56 90  77  51   0
     38448     10 90  51  45   0
     38516     68 90  79  64   0
     38534     18 80  77  64   0
     38564     30 80  51  64   0
     38592     28 90  77  52   0
     38612     20 80  79  64   0
     38650     38 80  77  64   0
     38670     20 90  75  58   0
     38718     48 90  63  47   0
     38718      0 90  60  43   0
     38726      8 90  68  37   0
     38756     30 B0  64 127   0
     38774     18 80  68  64   0
     38784     10 90  80  63   0
     38784      0 80  63  64   0
     38784      0 80  60  64   0
     38794     10 80  75  64   0
     38918    124 90  84  74   0
     38938     20 80  80  64   0
     38966     28 90  63  51   0
     38966      0 90  60  46   0
     38976     10 90  68  31   0
     38986     10 80  84  64   0
     39006     20 80  63  64   0
     39006      0 80  60  64   0
     39024     18 80  68  64   0
     39206    182 90  89  71   0
     39216     10 B0  64   0   0
     39226     10 90  51  47   0
     39418    192 80  51  64   0
     39476     58 B0  64 127   0
     39504     28 90  63  38   0
     39504      0 90  61  34   0
     39504      0 90  87  54   0
     39524     20 90  67  24   0
     39534     10 80  89  64   0
     39572     38 80  67  64   0
     39590     18 80  63  64   0
     39590      0 80  61  64   0
     39630     40 90  85  53   0
     39638      8 80  87  64   0
     39754    116 80  85  64   0
     39764     10 90  79  64   0
     39774     10 90  67  35   0
     39774      0 90  63  37   0
     39774      0 90  61  34   0
     39822     48 80  63  64   0
     39822      0 80  61  64   0
     39830      8 80  67  64   0
     39850     20 80  79  64   0
     40004    154 B0  64   0   0
     40080     76 90  80  78   0
     40080      0 90  56  53   0
     40148     68 80  80  64   0
     40224     76 B0  64 127   0
     40224      0 80  56  64   0
     40398    174 90  60  57   0
     40406      8 90  68  49   0
     40454     48 80  68  64   0
     40494     40 80  60  64   0
     40704    210 90  72  64   0
     40704      0 90  68  47   0
     40704      0 90  65  55   0
     40742     38 80  72  64   0
     40742      0 80  65  64   0
     40752     10 80  68  64   0
     40782     30 90  74  66   0
     40810     28 80  74  64   0
     40858     48 90  72  62   0
     40886     28 80  72  64   0
     40916     30 90  74  73   0
     40992     76 90  72  73   0
     41012     20 80  74  64   0
     41022     10 B0  64   0   0
     41030      8 90  70  82   0
     41050     20 90  58  66   0
     41050      0 90  46  59   0
     41060     10 80  72  64   0
     41098     38 80  70  64   0
     41136     38 80  58  64   0
     41136      0 80  46  64   0
     41338    202 90  74  64   0
     41348     10 90  65  43   0
     41348      0 90  58  39   0
     41348      0 90  68  35   0
     41386     38 80  65  64   0
     41386      0 80  58  64   0
     41396     10 80  68  64   0
     41406     10 B0  64 127   0
     41454     48 90  75  67   0
     41510     56 80  74  64   0
     41568     58 90  77  71   0
     41568      0 90  74  61   0
     41598     30 90  65  56   0
     41598      0 90  58  51   0
     41598      0 90  68  46   0
     41598      0 80  75  64   0
     41646     48 80  68  64   0
     41646      0 80  65  64   0
     41646      0 80  58  64   0
     41674     28 80  77  64   0
     41674      0 80  74  64   0
     41846    172 90  70  75   0
     41856     10 90  51  54   0
     41866     10 B0  64   0   0
     41924     58 80  70  64   0
     41924      0 80  51  64   0
     42116    192 90  75  55   0
     42144     28 90  63  50   0
     42144      0 90  58  46   0
     42144      0 90  67  39   0
     42192     48 80  67  64   0
     42192      0 00   0   0   0
     42212     20 90  77  60   0
     42222     10 80  63  64   0
     42222      0 80  58  64   0
     42308     86 B0  64 127   0
     42336     28 80  75  64   0
     42346     10 90  79  66   0
     42346      0 90  75  57   0
     42384     38 80  77  64   0
     42384      0 90  67  35   0
     42394     10 90  63  46   0
     42394      0 90  58  42   0
     42452     58 80  67  64   0
     42462     10 80  79  64   0
     42462      0 80  75  64   0
     42462      0 80  63  64   0
     42462      0 80  58  64   0
     42586    124 B0  64   0   0
     42614     28 90  70  71   0
     42644     30 90  50  47   0
     42682     38 80  70  64   0
     42720     38 80  50  64   0
     42884    164 90  77  48   0
     42902     18 90  65  40   0
     42902      0 90  58  36   0
     42922     20 90  68  25   0
     42960     38 80  65  64   0
     42960      0 80  58  64   0
     42960      0 80  68  64   0
     42990     30 90  79  53   0
     43038     48 B0  64 127   0
     43094     56 80  77  64   0
     43124     30 90  80  56   0
     43124      0 90  77  48   0
     43142     18 80  79  64   0
     43142      0 90  65  37   0
     43142      0 90  58  34   0
     43152     10 90  68  38   0
     43200     48 80  68  64   0
     43200      0 80  65  64   0
     43200      0 80  58  64   0
     43210     10 80  80  64   0
     43210      0 80  77  64   0
     43286     76 B0  64   0   0
     43392    106 90  51  44   0
     43402     10 90  82  55   0
     43402      0 90  73  46   0
     43402      0 90  79  47   0
     43546    144 B0  64 127   0
     43662    116 80  51  64   0
     43662      0 90  61  44   0
     43662      0 90  58  40   0
     43670      8 90  67  33   0
     43690     20 80  82  64   0
     43690      0 80  73  64   0
     43690      0 80  79  64   0
     43718     28 80  61  64   0
     43718      0 80  58  64   0
     43718      0 80  67  64   0
     43882    164 90  82  47   0
     43882      0 90  73  39   0
     43882      0 90  79  40   0
     43910     28 90  52  46   0
     43978     68 B0  64   0   0
     43998     20 90  82  57   0
     43998      0 90  73  47   0
     43998      0 90  79  49   0
     44064     66 80  52  64   0
     44112     48 90  82  70   0
     44112      0 90  73  58   0
     44112      0 90  79  60   0
     44132     20 90  53  47   0
     44198     66 B0  64 127   0
     44266     68 80  53  64   0
     44276     10 80  82  64   0
     44400    124 90  56  37   0
     44410     10 90  84  49   0
     44430     20 90  65  36   0
     44496     66 80  65  64   0
     44496      0 80  56  64   0
     44526     30 90  82  51   0
     44574     48 80  84  64   0
     44640     66 90  80  47   0
     44640      0 90  72  40   0
     44650     10 80  82  64   0
     44650      0 80  73  64   0
     44650      0 80  79  64   0
     44678     28 90  44  31   0
     44718     40 80  80  64   0
     44718      0 80  72  64   0
     44726      8 B0  64   0   0
     44774     48 80  44  64   0
     44918    144 90  80  46   0
     44918      0 90  71  40   0
     44948     30 90  46  38   0
     44966     18 B0  64 127   0
     44986     20 80  80  64   0
     45006     20 80  46  64   0
     45198    192 90  82  40   0
     45206      8 90  55  33   0
     45216     10 90  63  22   0
     45254     38 80  55  64   0
     45264     10 80  63  64   0
     45322     58 90  80  38   0
     45332     10 80  82  64   0
     45418     86 90  55  34   0
     45438     20 80  80  64   0
     45438      0 80  71  64   0
     45446      8 90  63  24   0
     45446      0 90  79  54   0
     45446      0 90  70  46   0
     45476     30 80  55  64   0
     45504     28 80  63  64   0
     45534     30 80  79  64   0
     45534      0 80  70  64   0
     45620     86 B0  64   0   0
     45706     86 90  79  53   0
     45706      0 90  70  46   0
     45716     10 90  46  33   0
     45830    114 80  46  64   0
     45840     10 80  79  64   0
     45850     10 B0  64 127   0
     45966    116 90  80  39   0
     45994     28 90  53  28   0
     46004     10 90  62  20   0
     46042     38 80  53  64   0
     46052     10 80  62  64   0
     46100     48 90  79  46   0
     46118     18 80  80  64   0
     46224    106 90  77  41   0
     46224      0 90  68  35   0
     46224      0 90  58  34   0
     46224      0 80  79  64   0
     46224      0 80  70  64   0
     46224      0 90  62  35   0
     46272     48 80  77  64   0
     46272      0 80  68  64   0
     46272      0 80  62  64   0
     46282     10 80  58  64   0
     46406    124 B0  64   0   0
     46484     78 90  51  38   0
     46494     10 90  77  53   0
     46494      0 90  68  46   0
     46598    104 80  77  64   0
     46618     20 B0  64 127   0
     46628     10 80  51  64   0
     46762    134 90  79  38   0
     46790     28 90  58  25   0
     46848     58 80  58  64   0
     46868     20 90  77  50   0
     46896     28 80  79  64   0
     46992     96 80  77  64   0
     46992      0 80  68  64   0
     47012     20 90  63  37   0
     47022     10 90  75  28   0
     47022      0 90  67  24   0
     47022      0 90  58  29   0
     47060     38 80  63  64   0
     47070     10 80  75  64   0
     47070      0 80  67  64   0
     47070      0 80  58  64   0
     47174    104 B0  64   0   0
     47280    106 90  70  52   0
     47290     10 90  46  36   0
     47386     96 80  70  64   0
     47406     20 80  46  64   0
     47406      0 90  74  45   0
     47414      8 B0  64 127   0
     47540    126 90  75  53   0
     47558     18 90  65  32   0
     47558      0 90  58  29   0
     47588     30 80  74  64   0
     47606     18 80  65  64   0
     47606      0 80  58  64   0
     47654     48 90  76  63   0
     47654      0 80  75  64   0
     47790    136 90  77  74   0
     47790      0 90  74  64   0
     47798      8 90  65  53   0
     47798      0 90  58  48   0
     47798      0 90  68  43   0
     47818     20 80  76  64   0
     47904     86 80  68  64   0
     47914     10 80  65  64   0
     47914      0 80  58  64   0
     47914      0 80  77  64   0
     47914      0 80  74  64   0
     48086    172 90  51  57   0
     48096     10 90  70  74   0
     48096      0 B0  64   0   0
     48222    126 90  74  64   0
     48250     28 80  70  64   0
     48318     68 B0  64 127   0
     48336     18 80  51  64   0
     48366     30 90  63  46   0
     48366      0 90  58  42   0
     48374      8 90  75  69   0
     48384     10 90  67  31   0
     48432     48 80  67  64   0
     48432      0 80  74  64   0
     48462     30 80  63  64   0
     48462      0 80  58  64   0
     48500     38 90  77  69   0
     48538     38 80  75  64   0
     48644    106 90  63  38   0
     48644      0 90  58  34   0
     48644      0 90  67  45   0
     48662     18 90  79  76   0
     48662      0 90  75  66   0
     48710     48 80  77  64   0
     48846    136 80  67  64   0
     48932     86 80  63  64   0
     48932      0 80  58  64   0
     48942     10 B0  64   0   0
     48950      8 90  70  65   0
     48950      0 80  79  64   0
     48950      0 80  75  64   0
     48980     30 90  50  49   0
     49104    124 90  76  53   0
     49152     48 80  70  64   0
     49182     30 B0  64 127   0
     49268     86 90  65  34   0
     49268      0 90  58  31   0
     49268      0 90  77  53   0
     49296     28 80  50  64   0
     49296      0 90  68  29   0
     49326     30 80  76  64   0
     49364     38 80  68  64   0
     49392     28 80  65  64   0
     49392      0 80  58  64   0
     49402     10 80  77  64   0
     49422     20 90  79  54   0
     49556    134 90  80  49   0
     49556      0 90  77  42   0
     49566     10 90  65  40   0
     49566      0 90  58  36   0
     49574      8 90  68  30   0
     49584     10 80  79  64   0
     49632     48 80  68  64   0
     49670     38 80  65  64   0
     49670      0 80  58  64   0
     49814    144 B0  64   0   0
     49834     20 80  80  64   0
     49834      0 80  77  64   0
     49862     28 90  82  35   0
     49862      0 90  73  29   0
     49862      0 90  79  30   0
     49862      0 90  51  28   0
     50036    174 B0  64 127   0
     50112     76 80  82  64   0
     50112      0 80  73  64   0
     50112      0 80  79  64   0
     50142     30 90  61  28   0
     50142      0 90  58  25   0
     50150      8 90  67  24   0
     50150      0 80  51  64   0
     50208     58 80  67  64   0
     50218     10 80  61  64   0
     50218      0 80  58  64   0
     50246     28 90  82  55   0
     50246      0 90  79  47   0
     50352    106 80  82  64   0
     50352      0 80  79  64   0
     50382     30 90  73  61   0
     50390      8 90  52  46   0
     50458     68 B0  64   0   0
     50506     48 80  73  64   0
     50526     20 90  82  66   0
     50526      0 90  79  57   0
     50602     76 80  52  64   0
     50612     10 80  82  64   0
     50612      0 80  79  64   0
     50640     28 90  73  66   0
     50640      0 90  73  57   0
     50660     20 90  53  50   0
     50670     10 B0  64 127   0
     50766     96 90  82  58   0
     50862     96 80  53  64   0
     50880     18 80  82  64   0
     50910     30 90  84  55   0
     50938     28 90  65  37   0
     50938      0 90  56  47   0
     50986     48 80  65  64   0
     51014     28 90  82  53   0
     51044     30 80  56  64   0
     51082     38 80  84  64   0
     51168     86 90  80  54   0
     51168      0 90  72  46   0
     51188     20 90  44  43   0
     51188      0 80  82  64   0
     51188      0 80  73  64   0
     51332    144 B0  64   0   0
     51342     10 80  44  64   0
     51408     66 80  80  64   0
     51408      0 80  72  64   0
     51438     30 90  71  58   0
     51438      0 90  71  50   0
     51466     28 90  46  41   0
     51572    106 90  80  51   0
     51600     28 80  46  64   0
     51668     68 80  80  64   0
     51668      0 B0  64 127   0
     51696     28 90  55  49   0
     51706     10 90  82  51   0
     51716     10 90  63  26   0
     51734     18 80  55  64   0
     51754     20 80  63  64   0
     51822     68 90  80  55   0
     51830      8 80  82  64   0
     51936    106 80  80  64   0
     51936      0 80  71  64   0
     51946     10 90  79  51   0
     51946      0 90  70  44   0
     51956     10 90  63  35   0
     51966     10 90  55  46   0
     52014     48 80  55  64   0
     52022      8 80  63  64   0
     52032     10 80  79  64   0
     52032      0 80  70  64   0
     52090     58 B0  64   0   0
     52214    124 90  70  42   0
     52214      0 90  70  36   0
     52234     20 90  46  43   0
     52330     96 B0  64 127   0
     52358     28 80  46  64   0
     52368     10 90  79  54   0
     52464     96 80  79  64   0
     52494     30 90  53  34   0
     52502      8 90  80  50   0
     52550     48 80  53  64   0
     52598     48 90  79  51   0
     52628     30 80  80  64   0
     52714     86 90  77  54   0
     52714      0 90  68  46   0
     52724     10 80  79  64   0
     52724      0 80  70  64   0
     52742     18 90  58  44   0
     52742      0 90  58  44   0
     52742      0 90  62  37   0
     52790     48 80  62  64   0
     52886     96 80  77  64   0
     52886      0 80  68  64   0
     52916     30 B0  64   0   0
     52982     66 90  75  68   0
     52982      0 90  67  59   0
     52992     10 90  51  58   0
     53070     78 80  75  64   0
     53070      0 80  67  64   0
     53108     38 80  51  64   0
     53108      0 80  58  64   0
     53242    134 90  75  50   0
     53338     96 80  75  64   0
     53376     38 90  75  56   0
     53462     86 80  75  64   0
     53492     30 90  75  49   0
     53530     38 90  61  50   0
     53540     10 90  55  49   0
     53540      0 90  51  45   0
     53578     38 80  55  64   0
     53578      0 80  51  64   0
     53588     10 80  61  64   0
     53588      0 80  75  64   0
     53636     48 90  75  53   0
     53732     96 80  75  64   0
     53770     38 90  44  57   0
     53780     10 90  75  54   0
     53866     86 80  75  64   0
     53876     10 80  44  64   0
     53894     18 90  75  47   0
     53990     96 80  75  64   0
     54020     30 90  56  33   0
     54020      0 90  51  30   0
     54030     10 90  75  44   0
     54068     38 80  56  64   0
     54068      0 80  51  64   0
     54126     58 80  75  64   0
     54164     38 90  75  51   0
     54260     96 80  75  64   0
     54260      0 90  60  33   0
     54278     18 90  56  31   0
     54278      0 90  51  28   0
     54288     10 90  75  35   0
     54308     20 80  60  64   0
     54326     18 80  56  64   0
     54326      0 80  51  64   0
     54384     58 80  75  64   0
     54422     38 90  75  48   0
     54490     68 90  44  46   0
     54528     38 90  77  60   0
     54558     30 80  75  64   0
     54606     48 80  44  64   0
     54634     28 80  77  64   0
     54644     10 90  75  51   0
     54720     76 90  56  42   0
     54720      0 90  51  38   0
     54730     10 80  75  64   0
     54740     10 90  60  26   0
     54758     18 90  72  45   0
     54758      0 80  56  64   0
     54758      0 80  51  64   0
     54778     20 80  60  64   0
     54816     38 80  72  64   0
     54894     78 90  68  33   0
     54942     48 80  68  64   0
     54970     28 90  60  31   0
     54980     10 90  63  47   0
     54980      0 90  56  33   0
     54980      0 90  51  30   0
     55018     38 80  60  64   0
     55018      0 80  56  64   0
     55018      0 80  51  64   0
     55066     48 80  63  64   0
     55124     58 90  64  40   0
     55172     48 80  64  64   0
     55210     38 90  44  38   0
     55210      0 90  65  52   0
     55268     58 80  44  64   0
     55286     18 80  65  64   0
     55334     48 90  65  45   0
     55412     78 80  65  64   0
     55440     28 90  65  47   0
     55478     38 90  56  33   0
     55478      0 90  50  30   0
     55518     40 80  56  64   0
     55518      0 80  50  64   0
     55526      8 80  65  64   0
     55574     48 90  65  43   0
     55632     58 80  65  64   0
     55670     38 90  65  49   0
     55728     58 90  56  31   0
     55728      0 90  50  28   0
     55738     10 90  59  20   0
     55766     28 80  59  64   0
     55776     10 80  56  64   0
     55776      0 80  50  64   0
     55844     68 80  65  64   0
     55920     76 90  65  47   0
     55950     30 90  44  37   0
     56064    114 80  65  64   0
     56064      0 90  63  57   0
     56084     20 80  44  64   0
     56180     96 90  68  51   0
     56180      0 80  63  64   0
     56228     48 90  60  24   0
     56276     48 80  60  64   0
     56276      0 80  68  64   0
     56286     10 90  72  56   0
     56420    134 80  72  64   0
     56430     10 90  75  49   0
     56458     28 90  60  33   0
     56468     10 90  56  43   0
     56468      0 90  51  39   0
     56506     38 80  56  64   0
     56506      0 80  51  64   0
     56516     10 80  60  64   0
     56554     38 80  75  64   0
     56622     68 90  76  60   0
     56718     96 80  76  64   0
     56746     28 90  77  56   0
     56900    154 90  59  46   0
     56900      0 90  56  42   0
     57006    106 90  77  43   0
     57092     86 80  59  64   0
     57092      0 80  56  64   0
     57102     10 B0  64 127   0
     57130     28 80  77  64   0
     57158     28 90  77  56   0
     57226     68 80  77  64   0
     57264     38 90  77  60   0
     57360     96 80  77  64   0
     57380     20 90  77  55   0
     57398     18 B0  64   0   0
     57466     68 80  77  64   0
     57514     48 90  77  55   0
     57542     28 90  51  44   0
     57610     68 90  79  63   0
     57648     38 80  77  64   0
     57658     10 80  51  64   0
     57686     28 90  77  58   0
     57706     20 80  79  64   0
     57802     96 80  77  64   0
     57822     20 90  75  66   0
     57926    104 90  80  56   0
     57956     30 80  75  64   0
     58080    124 90  84  71   0
     58128     48 80  80  64   0
     58196     68 80  84  64   0
     58340    144 90  89  72   0
     58350     10 90  51  53   0
     58426     76 80  89  64   0
     58454     28 80  51  64   0
     58608    154 90  87  57   0
     58618     10 90  67  49   0
     58656     38 80  67  64   0
     58714     58 80  87  64   0
     58724     10 90  85  51   0
     58830    106 80  85  64   0
     58848     18 90  79  64   0
     58858     10 90  67  47   0
     58868     10 90  63  39   0
     58868      0 90  61  35   0
     58896     28 80  67  64   0
     58916     20 80  63  64   0
     58916      0 80  61  64   0
     58926     10 80  79  64   0
     59118    192 90  82  66   0
     59136     18 90  56  39   0
     59184     48 80  56  64   0
     59204     20 80  82  64   0
     59396    192 90  80  56   0
     59406     10 90  63  33   0
     59406      0 90  60  30   0
     59454     48 80  63  64   0
     59454      0 80  60  64   0
     59492     38 80  80  64   0
     59502     10 90  75  57   0
     59626    124 80  75  64   0
     59626      0 90  72  71   0
     59626      0 90  63  50   0
     59626      0 90  60  46   0
     59646     20 90  68  35   0
     59674     28 80  63  64   0
     59674      0 80  60  64   0
     59684     10 80  68  64   0
     59702     18 80  72  64   0
     59886    184 90  75  67   0
     59886      0 90  44  59   0
     59972     86 80  75  64   0
     59990     18 90  75  59   0
     60000     10 80  44  64   0
     60010     10 B0  64 127   0
     60086     76 80  75  64   0
     60116     30 90  75  55   0
     60134     18 90  60  33   0
     60144     10 90  56  33   0
     60144      0 90  51  30   0
     60182     38 80  56  64   0
     60182      0 80  51  64   0
     60182      0 80  60  64   0
     60212     30 80  75  64   0
     60250     38 90  75  52   0
     60336     86 80  75  64   0
     60346     10 90  75  63   0
     60366     20 90  60  40   0
     60374      8 90  56  44   0
     60374      0 90  51  40   0
     60414     40 80  56  64   0
     60414      0 80  51  64   0
     60422      8 80  60  64   0
     60500     78 80  75  64   0
     60558     58 B0  64   0   0
     60596     38 90  75  61   0
     60614     18 90  44  57   0
     60682     68 90  77  73   0
     60740     58 80  75  64   0
     60768     28 80  44  64   0
     60806     38 90  75  58   0
     60846     40 80  77  64   0
     60884     38 90  60  32   0
     60884      0 80  75  64   0
     60884      0 90  56  35   0
     60884      0 90  51  32   0
     60902     18 90  72  59   0
     60922     20 80  60  64   0
     60932     10 80  56  64   0
     60932      0 80  51  64   0
     61018     86 80  72  64   0
     61028     10 90  68  59   0
     61104     76 90  60  48   0
     61124     20 90  56  48   0
     61124      0 90  51  44   0
     61124      0 80  68  64   0
     61134     10 90  63  62   0
     61162     28 80  56  64   0
     61162      0 80  51  64   0
     61172     10 80  60  64   0
     61230     58 80  63  64   0
     61258     28 90  64  50   0
     61316     58 80  64  64   0
     61354     38 90  44  49   0
     61364     10 90  65  57   0
     61430     66 80  65  64   0
     61460     30 80  44  64   0
     61470     10 90  65  57   0
     61556     86 80  65  64   0
     61594     38 90  65  55   0
     61614     20 90  56  32   0
     61614      0 90  50  29   0
     61614      0 90  59  24   0
     61662     48 80  56  64   0
     61662      0 80  50  64   0
     61662      0 80  59  64   0
     61662      0 80  65  64   0
     61710     48 90  65  45   0
     61776     66 80  65  64   0
     61814     38 90  65  55   0
     61844     30 90  59  34   0
     61854     10 90  56  40   0
     61854      0 90  50  36   0
     61892     38 80  59  64   0
     61892      0 80  56  64   0
     61892      0 80  50  64   0
     61902     10 80  65  64   0
     61940     38 90  65  41   0
     61998     58 80  65  64   0
     62064     66 90  63  51   0
     62094     30 90  44  40   0
     62170     76 80  63  64   0
     62180     10 80  44  64   0
     62190     10 90  68  46   0
     62294    104 80  68  64   0
     62294      0 90  72  46   0
     62324     30 90  56  31   0
     62324      0 90  51  28   0
     62372     48 80  72  64   0
     62372      0 80  56  64   0
     62372      0 80  51  64   0
     62410     38 90  75  53   0
     62516    106 90  80  64   0
     62526     10 90  60  34   0
     62534      8 90  56  38   0
     62534      0 90  51  34   0
     62544     10 80  75  64   0
     62574     30 80  60  64   0
     62574      0 80  56  64   0
     62574      0 80  51  64   0
     62612     38 80  80  64   0
     62612      0 00   0   0   0
     62640     28 90  76  59   0
     62718     78 80  76  64   0
     62756     38 90  77  54   0
     62766     10 90  50  52   0
     62842     76 90  77  67   0
     62870     28 80  50  64   0
     62938     68 80  77  64   0
     62986     48 90  77  59   0
     62996     10 90  59  38   0
     62996      0 90  56  34   0
     63014     18 90  65  30   0
     63044     30 80  59  64   0
     63044      0 80  56  64   0
     63054     10 80  65  64   0
     63072     18 80  77  64   0
     63092     20 90  77  64   0
     63206    114 80  77  64   0
     63216     10 90  65  44   0
     63246     30 90  77  62   0
     63246      0 90  59  40   0
     63246      0 90  56  36   0
     63274     28 80  65  64   0
     63284     10 80  59  64   0
     63284      0 80  56  64   0
     63332     48 80  77  64   0
     63342     10 90  77  67   0
     63428     86 80  77  64   0
     63486     58 90  77  66   0
     63524     38 90  51  50   0
     63582     58 90  79  60   0
     63582      0 80  77  64   0
     63630     48 80  51  64   0
     63648     18 90  77  60   0
     63668     20 80  79  64   0
     63744     76 80  77  64   0
     63774     30 90  75  74   0
     63802     28 90  63  48   0
     63802      0 90  60  44   0
     63802      0 90  68  48   0
     63830     28 B0  64 127   0
     63840     10 80  68  64   0
     63878     38 80  63  64   0
     63878      0 80  60  64   0
     63888     10 80  75  64   0
     63918     30 90  80  71   0
     63984     66 80  80  64   0
     64090    106 90  84  77   0
     64100     10 90  63  60   0
     64100      0 90  60  55   0
     64118     18 90  68  29   0
     64138     20 80  63  64   0
     64138      0 80  60  64   0
     64166     28 80  84  64   0
     64166      0 80  68  64   0
     64378    212 90  89  62   0
     64388     10 B0  64   0   0
     64436     48 90  51  50   0
     64628    192 B0  64 127   0
     64752    124 90  63  37   0
     64752      0 90  61  34   0
     64752      0 90  87  59   0
     64762     10 90  67  36   0
     64790     28 80  51  64   0
     64800     10 80  89  64   0
     64810     10 80  67  64   0
     64848     38 80  63  64   0
     64848      0 80  61  64   0
     64878     30 90  85  45   0
     64916     38 80  87  64   0
     65050    134 80  85  64   0
     65060     10 90  63  33   0
     65060      0 90  61  30   0
     65060      0 90  67  33   0
     65060      0 90  79  57   0
     65174    114 80  63  64   0
     65174      0 80  61  64   0
     65184     10 80  79  64   0
     65184      0 80  67  64   0
     65424    240 B0  64   0   0
     65454     30 90  80  48   0
     65472     18 90  44  36   0
     65646    174 B0  64 127   0
     65866    220 90  60  34   0
     65876     10 90  51  34   0
     65982    106 80  80  64   0
     66030     48 80  44  64   0
     66230    200 90  68  59   0
     66326     96 80  68  64   0
     66404     78 80  60  64   0
     66414     10 80  51  64   0
     66624    210 90  75  60   0
     66634     10 90  44  36   0
     66634      0 B0  64   0   0
     66644     10 90  78  46   0
     66854    210 B0  64 127   0
     66932     78 90  51  32   0
     66960     28 80  44  64   0
     66960      0 80  78  64   0
     66980     20 80  51  64   0
     66990     10 80  75  64   0
     67200    210 90  74  60   0
     67210     10 90  56  51   0
     67210      0 90  71  58   0
     67210      0 90  66  47   0
     67258     48 80  56  64   0
     67258      0 80  66  64   0
     67268     10 80  71  64   0
     67306     38 80  74  64   0
     67412    106 B0  64   0   0
     67488     76 90  44  42   0
     67498     10 90  72  62   0
     67498      0 90  75  61   0
     67594     96 80  72  64   0
     67614     20 B0  64 127   0
     67632     18 80  75  64   0
     67690     58 80  44  64   0
     67766     76 90  68  62   0
     67806     40 90  51  35   0
     67806      0 90  60  27   0
     67854     48 80  60  64   0
     67862      8 80  68  64   0
     67862      0 80  51  64   0
     67862      0 90  68  71   0
     67988    126 80  68  64   0
     68006     18 90  68  81   0
     68016     10 90  66  47   0
     68026     10 90  56  47   0
     68074     48 80  56  64   0
     68122     48 80  66  64   0
     68142     20 80  68  64   0
     68276    134 B0  64   0   0
     68276      0 90  82  68   0
     68286     10 90  78  69   0
     68286      0 90  49  54   0
     68478    192 B0  64 127   0
     68506     28 80  49  64   0
     68554     48 90  53  47   0
     68564     10 80  78  64   0
     68564      0 90  61  38   0
     68582     18 80  82  64   0
     68602     20 80  61  64   0
     68640     38 80  53  64   0
     68804    164 90  79  60   0
     68804      0 90  76  57   0
     68814     10 90  65  50   0
     68814      0 90  56  44   0
     68880     66 80  76  64   0
     68900     20 80  79  64   0
     68910     10 80  65  64   0
     68918      8 80  56  64   0
     69034    116 B0  64   0   0
     69062     28 90  80  62   0
     69072     10 90  49  49   0
     69072      0 90  77  58   0
     69158     86 80  77  64   0
     69198     40 80  80  64   0
     69206      8 B0  64 127   0
     69246     40 80  49  64   0
     69332     86 90  68  49   0
     69360     28 90  53  37   0
     69360      0 90  61  29   0
     69408     48 80  53  64   0
     69418     10 80  61  64   0
     69428     10 80  68  64   0
     69428      0 90  68  56   0
     69572    144 80  68  64   0
     69572      0 90  68  66   0
     69572      0 90  65  37   0
     69590     18 90  56  38   0
     69638     48 80  56  64   0
     69648     10 80  65  64   0
     69686     38 80  68  64   0
     69802    116 B0  64   0   0
     69822     20 90  78  58   0
     69830      8 90  44  47   0
     69840     10 90  75  51   0
     70004    164 B0  64 127   0
     70052     48 80  44  64   0
     70070     18 80  75  64   0
     70080     10 90  51  36   0
     70080      0 80  78  64   0
     70100     20 90  60  30   0
     70138     38 80  51  64   0
     70148     10 80  60  64   0
     70330    182 90  71  51   0
     70340     10 90  74  44   0
     70350     10 90  66  39   0
     70358      8 90  56  36   0
     70398     40 80  56  64   0
     70406      8 80  71  64   0
     70406      0 80  66  64   0
     70426     20 80  74  64   0
     70512     86 B0  64   0   0
     70580     68 90  72  59   0
     70590     10 90  44  47   0
     70598      8 90  75  52   0
     70676     78 B0  64 127   0
     70676      0 80  72  64   0
     70704     28 80  75  64   0
     70762     58 80  44  64   0
     70830     68 90  68  56   0
     70868     38 90  51  42   0
     70878     10 90  60  26   0
     70926     48 80  60  64   0
     70926      0 90  68  66   0
     70934      8 80  51  64   0
     71050    116 90  68  71   0
     71088     38 90  66  36   0
     71088      0 90  56  46   0
     71184     96 80  68  64   0
     71184      0 80  66  64   0
     71194     10 80  56  64   0
     71280     86 B0  64   0   0
     71318     38 90  61  53   0
     71318      0 90  49  47   0
     71328     10 90  78  69   0
     71338     10 90  70  55   0
     71454    116 80  70  64   0
     71472     18 80  78  64   0
     71472      0 80  61  64   0
     71472      0 80  49  64   0
     71482     10 B0  64 127   0
     71598    116 90  77  52   0
     71606      8 90  68  45   0
     71606      0 90  56  29   0
     71646     40 80  68  64   0
     71654      8 80  56  64   0
     71674     20 80  77  64   0
     71818    144 90  75  57   0
     71828     10 90  66  53   0
     71838     10 90  60  42   0
     71876     38 80  66  64   0
     71886     10 80  60  64   0
     71904     18 80  75  64   0
     71990     86 B0  64   0   0
     72078     88 90  73  62   0
     72078      0 90  65  63   0
     72078      0 90  61  54   0
     72078      0 90  73  48   0
     72174     96 B0  64 127   0
     72174      0 80  65  64   0
     72240     66 80  61  64   0
     72240      0 80  73  64   0
     72326     86 90  68  60   0
     72356     30 90  53  49   0
     72366     10 90  61  36   0
     72414     48 80  61  64   0
     72432     18 80  53  64   0
     72452     20 90  68  64   0
     72576    124 90  56  50   0
     72576      0 90  68  64   0
     72576      0 90  65  36   0
     72682    106 80  65  64   0
     72682      0 80  56  64   0
     72702     20 80  68  64   0
     72806    104 B0  64   0   0
     72836     30 90  44  57   0
     72846     10 90  78  66   0
     72854      8 90  75  57   0
     72998    144 B0  64 127   0
     73018     20 80  44  64   0
     73104     86 80  75  64   0
     73104      0 90  51  49   0
     73114     10 80  78  64   0
     73114      0 90  60  39   0
     73152     38 80  60  64   0
     73152      0 80  51  64   0
     73334    182 90  71  63   0
     73334      0 90  74  57   0
     73364     30 90  66  50   0
     73364      0 90  56  50   0
     73412     48 80  71  64   0
     73422     10 80  66  64   0
     73430      8 80  56  64   0
     73430      0 80  74  64   0
     73536    106 B0  64   0   0
     73604     68 90  75  67   0
     73604      0 90  72  67   0
     73604      0 90  44  59   0
     73710    106 80  72  64   0
     73728     18 B0  64 127   0
     73728      0 80  75  64   0
     73776     48 80  44  64   0
     73862     86 90  68  64   0
     73892     30 90  51  50   0
     73892      0 90  60  45   0
     73940     48 80  60  64   0
     73968     28 90  68  63   0
     73978     10 80  51  64   0
     74094    116 90  68  67   0
     74132     38 90  56  53   0
     74142     10 90  66  52   0
     74238     96 80  66  64   0
     74246      8 80  68  64   0
     74246      0 80  56  64   0
     74334     88 B0  64   0   0
     74382     48 90  37  55   0
     74390      8 90  78  64   0
     74400     10 90  82  68   0
     74526    126 B0  64 127   0
     74564     38 80  37  64   0
     74574     10 80  78  64   0
     74612     38 80  82  64   0
     74650     38 90  53  52   0
     74660     10 90  61  37   0
     74698     38 80  61  64   0
     74726     28 80  53  64   0
     74890    164 90  76  57   0
     74890      0 90  79  51   0
     74910     20 90  65  42   0
     74910      0 90  56  51   0
     74938     28 80  76  64   0
     74958     20 80  56  64   0
     74958      0 80  65  64   0
     74976     18 80  79  64   0
     75102    126 B0  64   0   0
     75158     56 90  77  59   0
     75168     10 90  49  47   0
     75168      0 90  80  55   0
     75246     78 80  77  64   0
     75264     18 80  80  64   0
     75294     30 B0  64 127   0
     75302      8 80  49  64   0
     75408    106 90  68  59   0
     75428     20 90  61  42   0
     75438     10 90  53  46   0
     75476     38 80  61  64   0
     75486     10 80  53  64   0
     75486      0 80  68  64   0
     75514     28 90  68  48   0
     75600     86 80  68  64   0
     75630     30 90  68  65   0
     75668     38 90  65  42   0
     75668      0 90  56  43   0
     75716     48 80  56  64   0
     75726     10 80  65  64   0
     75744     18 80  68  64   0
     75878    134 B0  64   0   0
     75888     10 90  80  62   0
     75908     20 90  42  44   0
     75974     66 80  80  64   0
     76014     40 80  42  64   0
     76158    144 90  70  55   0
     76166      8 90  54  38   0
     76176     10 90  62  31   0
     76186     10 B0  64 127   0
     76214     28 80  54  64   0
     76214      0 80  62  64   0
     76234     20 80  70  64   0
     76262     28 90  80  40   0
     76320     58 80  80  64   0
     76388     68 90  75  51   0
     76388      0 90  78  58   0
     76398     10 90  63  45   0
     76406      8 90  58  44   0
     76436     30 80  78  64   0
     76436      0 80  75  64   0
     76446     10 80  58  64   0
     76454      8 80  63  64   0
     76580    126 B0  64   0   0
     76638     58 90  44  64   0
     76724     86 80  44  64   0
     76886    162 90  68  60   0
     76916     30 90  53  55   0
     76916      0 90  60  36   0
     76954     38 80  53  64   0
     76964     10 80  60  64   0
     76974     10 80  68  64   0
     76982      8 90  78  61   0
     77078     96 80  78  64   0
     77126     48 90  77  78   0
     77126      0 90  73  64   0
     77156     30 90  61  59   0
     77156      0 90  56  61   0
     77174     18 B0  64 127   0
     77184     10 80  73  64   0
     77194     10 80  77  64   0
     77232     38 80  56  64   0
     77232      0 80  61  64   0
     77376    144 90  44  64   0
     77414     38 B0  64   0   0
     77472     58 80  44  64   0
     77616    144 90  66  58   0
     77636     20 90  60  53   0
     77646     10 90  56  57   0
     77646      0 90  51  52   0
     77694     48 90  77  72   0
     77702      8 80  60  64   0
     77702      0 80  56  64   0
     77702      0 80  51  64   0
     77712     10 80  66  64   0
     77760     48 B0  64 127   0
     77808     48 80  77  64   0
     77846     38 90  75  74   0
     77846      0 90  66  67   0
     77886     40 90  60  61   0
     77894      8 90  56  66   0
     77894      0 90  51  60   0
     77914     20 80  66  64   0
     77924     10 80  75  64   0
     77934     10 80  60  64   0
     77942      8 80  56  64   0
     77942      0 80  51  64   0
     78020     78 B0  64   0   0
     78126    106 90  73  81   0
     78134      8 90  65  77   0
     78144     10 90  61  64   0
     78144      0 90  56  69   0
     78144      0 90  49  63   0
     78192     48 B0  64 127   0
     78212     20 80  65  64   0
     78230     18 80  73  64   0
     78404    174 90  68  76   0
     78518    114 90  68  80   0
     78606     88 90  68  20   0
     78606      0 80  61  64   0
     78634     28 80  68  64   0
     78662     28 80  56  64   0
     78662      0 80  49  64   0
     78672     10 90  75  78   0
     78816    144 80  75  64   0
     78942    126 B0  64   0   0
     79038     96 90  71  33   0
     79046      8 90  56  28   0
     79076     30 90  74  18   0
     79142     66 80  74  64   0
     79142      0 80  71  64   0
     79172     30 80  56  64   0
     79248     76 B0  64 127   0
     79316     68 90  75  66   0
     79334     18 90  72  63   0
     79354     20 90  44  50   0
     79392     38 80  44  64   0
     79430     38 80  75  64   0
     79430      0 80  72  64   0
     79670    240 90  51  57   0
     79680     10 90  68  67   0
     79700     20 B0  64   0   0
     79796     96 80  68  64   0
     79806     10 90  68  62   0
     79806      0 80  51  64   0
     79920    114 80  68  64   0
     79930     10 B0  64 127   0
     79940     10 90  68  69   0
     79978     38 90  66  33   0
     79978      0 90  56  46   0
     80026     48 80  66  64   0
     80036     10 80  56  64   0
     80084     48 80  68  64   0
     80208    124 90  82  58   0
     80218     10 90  78  55   0
     80228     10 90  49  54   0
     80294     66 B0  64   0   0
     80400    106 80  49  64   0
     80478     78 B0  64 127   0
     80478      0 90  53  36   0
     80486      8 90  61  29   0
     80496     10 80  78  64   0
     80496      0 80  82  64   0
     80534     38 80  53  64   0
     80534      0 80  61  64   0
     80726    192 90  76  55   0
     80726      0 90  65  44   0
     80736     10 90  79  55   0
     80756     20 90  56  34   0
     80774     18 80  76  64   0
     80794     20 80  56  64   0
     80804     10 80  79  64   0
     80814     10 80  65  64   0
     80986    172 90  77  69   0
     80986      0 90  49  49   0
     80996     10 90  80  60   0
     81082     86 80  77  64   0
     81102     20 80  80  64   0
     81140     38 80  49  64   0
     81226     86 90  68  61   0
     81274     48 90  61  36   0
     81284     10 90  53  37   0
     81332     48 80  61  64   0
     81332      0 80  53  64   0
     81332      0 90  68  62   0
     81456    124 80  68  64   0
     81466     10 90  68  59   0
     81494     28 90  65  36   0
     81504     10 90  56  37   0
     81552     48 80  65  64   0
     81562     10 80  56  64   0
     81600     38 80  68  64   0
     81696     96 B0  64   0   0
     81734     38 90  78  60   0
     81744     10 90  44  51   0
     81754     10 90  75  55   0
     81898    144 B0  64 127   0
     81926     28 80  44  64   0
     81984     58 80  78  64   0
     81994     10 80  75  64   0
     82014     20 90  51  33   0
     82014      0 90  60  33   0
     82062     48 80  60  64   0
     82090     28 80  51  64   0
     82782    692 B0  64   0   0
